$ANSIBLE_VAULT;1.1;AES256
33393935366131333033343035653763303134373063663562363030313931303661383361376634
3032663264666135663530333431306538646632626661300a306337623763323333353763633632
64373665386232313466666337383838343266396663356464383435383532616236376462646235
3239633732643837310a356463346463316533333964393336373932353261643732666530323664
38643331653964356338313865633864633464643966366565383239616238376233373064326264
62636535393262356339646436613161363235646230313665366236396335353362303162353162
30393433306634616162316637323733383035386238303633323035313464393862656634653866
39366330386332356463333562343334333366666461653263666562663834333065616437333965
65373762323964343165663762326262343930656466633836313935363436343263616331333938
62333936616538613932386362333939613231623938343936616530636535303736663939353534
37643632353363336364663964646436396131653163306561643561376166613932656263666565
38343537383565383765643037346238326164663164636135636333306361376434376462653565
66303334346237613935383363633330333135313134363762386233613834356666643061653633
64613065643064373433343339623761316332646366613235616131373265323236666636653061
31613864323165333230383264306466323164363765376361323836633239363865393432663761
34316137353534663739663631386533613636623233643334663432303435363062653464633635
31643334346536303036393565656262663832643861613465646332643231646334656666346463
62326331653430616635623066633863313639623166353538333163646266396665343863633062
36333630636135356432333062373762383761653565626434623863313231353662373165343564
34656630353664306264
