$ANSIBLE_VAULT;1.1;AES256
66623237376165623362333733616536373465323262663665396430333533396361643138623563
6239303664333636383437353732623531643137316364640a316338623132346366633930306336
37363665336138636464376265616633356437313835363363363636376235313038623236323535
6563333637613537340a626532656533653463626665623332373134643765323539306630303864
33646633313865333037613231643934643561336136636666656562666635336666313265656530
37333236353139643564383432623861303138303431396437663838383033633232613432636161
63653631383062326339333535333432373931666664613231306561366131376238633039306466
36366636343434663162383761363661303638653738636565386539633065646235363139303564
63323034663663326132633439383336613564336234323666666539636139336135326235663661
31623261383263666462376234663134303866633364373432626138646662393561346139306632
32336161636265373837313833336439626133373739643761373431336537316438333933386436
34363864323837663161336434393032363834396565393230356162663263333635613166363664
63336434376130386165373831663537323830303636316333643139353735333337333538386137
61663637646265616635666166343239656334643732376564623934336366666662376435376633
30613636343536383431303761376461363864633836303038346433633331303337663465626664
66306362353734353166636532613034366430366261633963396133343265366230306663383135
62356334373366643438363639386266663038643765613636646261393962323634393636666364
35353365366462326336323435383230383333616130343139373033326533306638626639613539
63303462326564353637333061393036616235356136636465636131396634633230633336366364
30643965373362306334
